__________________________________________
A = 

	1		4		2	

	0		1		3	

	-3		3		6	

B = 

	1		-1		3	

	4		3		2	

	4		4		1	


A + B = 

	2		3		5	

	4		4		5	

	1		7		7	

__________________________________________
A = 

	1		4		2	

	0		1		3	

	-3		3		6	

B = 

	1		-1		3	

	4		3		2	

	4		4		1	


A - B = 

	0		5		-1	

	-4		-2		1	

	-7		-1		5	

__________________________________________
A = 

	1		4		2	

	0		1		3	

	-3		3		6	

B = 

	1		-1		3	

	4		3		2	

	4		4		1	

A * B = 

	25		19		13	

	16		15		5	

	33		36		3	

__________________________________________
A = 

	1		4		2	

	0		1		3	

	-3		3		6	


B = 

	1		-1		3	

	4		3		2	

	4		4		1	


A * B = 

	1		-4		6	

	0		3		6	

	-12		12		6	

__________________________________________

A = 

	1		4		2	

	0		1		3	

	-3		3		6	


Transpose A = 


	1		0		-3	

	4		1		3	

	2		3		6	

__________________________________________

B = 

	1		4		2	

	0		1		3	

	-3		3		6	


Transpose B = 


	1		4		4	

	-1		3		4	

	3		2		1	

__________________________________________
A = 

	1		4		2	

	0		1		3	

	-3		3		6	

B = 

	1		-1		3	

	4		3		2	

	4		4		1	


A + B = 

	2		3		5	

	4		4		5	

	1		7		7	

__________________________________________
A = 

	1		4		2	

	0		1		3	

	-3		3		6	

B = 

	1		4		2	

	0		1		3	

	-3		3		6	


A + B = 

	2		8		4	

	0		2		6	

	-6		6		12	

__________________________________________
A = 

	1		4		2	

	0		1		3	

	-3		3		6	

B = 

	1		4		2	

	0		1		3	

	-3		3		6	


A + B = 

	2		8		4	

	0		2		6	

	-6		6		12	

__________________________________________
A = 

	1		4		2	

	0		1		3	

	-3		3		6	

B = 

	1		4		2	

	0		1		3	

	-3		3		6	


A + B = 

	2		8		4	

	0		2		6	

	-6		6		12	

__________________________________________
A = 

	1		4		2	

	0		1		3	

	-3		3		6	

B = 

	1		4		2	

	0		1		3	

	-3		3		6	


A - B = 

	0		0		0	

	0		0		0	

	0		0		0	

__________________________________________
A = 

	1		4		2	

	0		1		3	

	-3		3		6	

B = 

	1		4		2	

	0		1		3	

	-3		3		6	

A * B = 

	-5		14		26	

	-9		10		21	

	-21		9		39	

__________________________________________
A = 

	1		4		2	

	0		1		3	

	-3		3		6	

B = 

	1		4		2	

	0		1		3	

	-3		3		6	


A + B = 

	2		8		4	

	0		2		6	

	-6		6		12	

__________________________________________
A = 

	1		4		2	

	0		1		3	

	-3		3		6	

B = 

	1		-1		3	

	4		3		2	

	4		4		1	


A - B = 

	0		5		-1	

	-4		-2		1	

	-7		-1		5	

__________________________________________

A = 

	1		4		2	

	0		1		3	

	-3		3		6	


Transpose A = 


	1		0		-3	

	4		1		3	

	2		3		6	

__________________________________________
A = 

	1.0		4.0		2.0	

	0.0		1.0		3.0	

	-3.0		3.0		6.0	

B = 

	1.0		-1.0		3.0	

	4.0		3.0		2.0	

	4.0		4.0		1.0	

A * B = 

	25.0		19.0		13.0	

	16.0		15.0		5.0	

	33.0		36.0		3.0	


__________________________________________
A = 

	1.1		4.3		2.4	

	0		1.9		3.3	

	-3.2		3.1		6.2	

B = 

	1.1		4.3		2.4	

	0		1.9		3.3	

	-3.2		3.1		6.2	

A * B = 

	-6.47		20.34		31.71	

	-10.56		13.84		26.73	

	-23.36		11.35		40.99	

__________________________________________
A = 

	1.1		4.3		2.4		4.2		3.1		5.6		7.9	

	0		1.9		3.3		1.1		4.4		5.1		9.1	

	-3.2		3.1		6.2		4.3		9.1		3.4		5.2	

	1		4		2.2		3.3		1.3		6.7		2.9	

	5		7		6		8.9		8.1		3.5		2	

	6.7		8.2		3.3		5.3		2.2		1.9		9.1	

	8		9		1.4		3.1		2.9		3.3		4.2	

B = 

	1.1		4.3		2.4		4.2		3.1		5.6		7.9	

	0		1.9		3.3		1.1		4.4		5.1		9.1	

	-3.2		3.1		6.2		4.3		9.1		3.4		5.2	

	1		4		2.2		3.3		1.3		6.7		2.9	

	5		7		6		8.9		8.1		3.5		2	

	6.7		8.2		3.3		5.3		2.2		1.9		9.1	

	8		9		1.4		3.1		2.9		3.3		4.2	

A * B = 

	113.95		175.86		89.09		115.29		109.97		111.95		162.82	

	119.51		172.76		85.12		114.31		113.07		83.4		131.07	

	90.82		166.93		123.55		145.95		162		103.25		118.62	

	71.95		122.06		70.47		85.02		78.69		82.44		141.06	

	75.15		192.4		154.83		180.71		191.58		185.33		216.66	

	98.64		188.7		107.47		126.7		142.16		167.41		219.99	

	77.63		153.4		98.57		116.07		124.1		146.51		214.84	

__________________________________________
A = 

	1.1		4.3		2.4		4.2		3.1		5.6		7.9	

	0		1.9		3.3		1.1		4.4		5.1		9.1	

	-3.2		3.1		6.2		4.3		9.1		3.4		5.2	

	1		4		2.2		3.3		1.3		6.7		2.9	

	5		7		6		8.9		8.1		3.5		2	

	6.7		8.2		3.3		5.3		2.2		1.9		9.1	

	8		9		1.4		3.1		2.9		3.3		4.2	

B = 

	1.1		4.3		2.4		4.2		3.1		5.6		7.9	

	0.0		1.9		3.3		1.1		4.4		5.1		9.1	

	-3.2		3.1		6.2		4.3		9.1		3.4		5.2	

	1.0		4.0		2.2		3.3		1.3		6.7		2.9	

	5.0		7.0		6.0		8.9		8.1		3.5		2.0	

	6.7		8.2		3.3		5.3		2.2		1.9		9.1	

	8.0		9.0		1.4		3.1		2.9		3.3		4.2	


A + B = 

	2.2		8.6		4.8		8.4		6.2		11.2		15.8	

	0.0		3.8		6.6		2.2		8.8		10.2		18.2	

	-6.4		6.2		12.4		8.6		18.2		6.8		10.4	

	2.0		8.0		4.4		6.6		2.6		13.4		5.8	

	10.0		14.0		12.0		17.8		16.2		7.0		4.0	

	13.4		16.4		6.6		10.6		4.4		3.8		18.2	

	16.0		18.0		2.8		6.2		5.8		6.6		8.4	

__________________________________________

A = 

	1.1		4.3		2.4		4.2		3.1		5.6		7.9	

	0		1.9		3.3		1.1		4.4		5.1		9.1	

	-3.2		3.1		6.2		4.3		9.1		3.4		5.2	

	1		4		2.2		3.3		1.3		6.7		2.9	

	5		7		6		8.9		8.1		3.5		2	

	6.7		8.2		3.3		5.3		2.2		1.9		9.1	

	8		9		1.4		3.1		2.9		3.3		4.2	


Transpose A = 


	1.1		0.0		-3.2		1.0		5.0		6.7		8.0	

	4.3		1.9		3.1		4.0		7.0		8.2		9.0	

	2.4		3.3		6.2		2.2		6.0		3.3		1.4	

	4.2		1.1		4.3		3.3		8.9		5.3		3.1	

	3.1		4.4		9.1		1.3		8.1		2.2		2.9	

	5.6		5.1		3.4		6.7		3.5		1.9		3.3	

	7.9		9.1		5.2		2.9		2.0		9.1		4.2	

__________________________________________

A = 

	1.1		4.3		2.4		4.2		3.1		5.6		7.9	

	0		1.9		3.3		1.1		4.4		5.1		9.1	

	-3.2		3.1		6.2		4.3		9.1		3.4		5.2	

	1		4		2.2		3.3		1.3		6.7		2.9	

	5		7		6		8.9		8.1		3.5		2	

	6.7		8.2		3.3		5.3		2.2		1.9		9.1	

	8		9		1.4		3.1		2.9		3.3		4.2	


Transpose A = 


	1.1		0.0		-3.2		1.0		5.0		6.7		8.0	

	4.3		1.9		3.1		4.0		7.0		8.2		9.0	

	2.4		3.3		6.2		2.2		6.0		3.3		1.4	

	4.2		1.1		4.3		3.3		8.9		5.3		3.1	

	3.1		4.4		9.1		1.3		8.1		2.2		2.9	

	5.6		5.1		3.4		6.7		3.5		1.9		3.3	

	7.9		9.1		5.2		2.9		2.0		9.1		4.2	

__________________________________________

A = 

	1.1		4.3		2.4		4.2		3.1		5.6		7.9	

	0		1.9		3.3		1.1		4.4		5.1		9.1	

	-3.2		3.1		6.2		4.3		9.1		3.4		5.2	

	1		4		2.2		3.3		1.3		6.7		2.9	

	5		7		6		8.9		8.1		3.5		2	

	6.7		8.2		3.3		5.3		2.2		1.9		9.1	

	8		9		1.4		3.1		2.9		3.3		4.2	


Transpose A = 


	1.1		0.0		-3.2		1.0		5.0		6.7		8.0	

	4.3		1.9		3.1		4.0		7.0		8.2		9.0	

	2.4		3.3		6.2		2.2		6.0		3.3		1.4	

	4.2		1.1		4.3		3.3		8.9		5.3		3.1	

	3.1		4.4		9.1		1.3		8.1		2.2		2.9	

	5.6		5.1		3.4		6.7		3.5		1.9		3.3	

	7.9		9.1		5.2		2.9		2.0		9.1		4.2	

__________________________________________

B = 

	1.1		4.3		2.4		4.2		3.1		5.6		7.9	

	0.0		1.9		3.3		1.1		4.4		5.1		9.1	

	-3.2		3.1		6.2		4.3		9.1		3.4		5.2	

	1.0		4.0		2.2		3.3		1.3		6.7		2.9	

	5.0		7.0		6.0		8.9		8.1		3.5		2.0	

	6.7		8.2		3.3		5.3		2.2		1.9		9.1	

	8.0		9.0		1.4		3.1		2.9		3.3		4.2	


Transpose B = 


	1.0		4.0		4.0		0.0		0.0		0.0		0.0	

	-1.0		3.0		4.0		0.0		0.0		0.0		0.0	

	3.0		2.0		1.0		0.0		0.0		0.0		0.0	

	0.0		0.0		0.0		0.0		0.0		0.0		0.0	

	0.0		0.0		0.0		0.0		0.0		0.0		0.0	

	0.0		0.0		0.0		0.0		0.0		0.0		0.0	

	0.0		0.0		0.0		0.0		0.0		0.0		0.0	

__________________________________________
A = 

	1.1		4.3		2.4		4.2		3.1		5.6		7.9	

	0		1.9		3.3		1.1		4.4		5.1		9.1	

	-3.2		3.1		6.2		4.3		9.1		3.4		5.2	

	1		4		2.2		3.3		1.3		6.7		2.9	

	5		7		6		8.9		8.1		3.5		2	

	6.7		8.2		3.3		5.3		2.2		1.9		9.1	

	8		9		1.4		3.1		2.9		3.3		4.2	

B = 

	1.1		4.3		2.4		4.2		3.1		5.6		7.9	

	0.0		1.9		3.3		1.1		4.4		5.1		9.1	

	-3.2		3.1		6.2		4.3		9.1		3.4		5.2	

	1.0		4.0		2.2		3.3		1.3		6.7		2.9	

	5.0		7.0		6.0		8.9		8.1		3.5		2.0	

	6.7		8.2		3.3		5.3		2.2		1.9		9.1	

	8.0		9.0		1.4		3.1		2.9		3.3		4.2	


A + B = 

	2.2		8.6		4.8		8.4		6.2		11.2		15.8	

	0.0		3.8		6.6		2.2		8.8		10.2		18.2	

	-6.4		6.2		12.4		8.6		18.2		6.8		10.4	

	2.0		8.0		4.4		6.6		2.6		13.4		5.8	

	10.0		14.0		12.0		17.8		16.2		7.0		4.0	

	13.4		16.4		6.6		10.6		4.4		3.8		18.2	

	16.0		18.0		2.8		6.2		5.8		6.6		8.4	

__________________________________________

A = 

	1.1		4.3		2.4		4.2		3.1		5.6		7.9	

	0		1.9		3.3		1.1		4.4		5.1		9.1	

	-3.2		3.1		6.2		4.3		9.1		3.4		5.2	

	1		4		2.2		3.3		1.3		6.7		2.9	

	5		7		6		8.9		8.1		3.5		2	

	6.7		8.2		3.3		5.3		2.2		1.9		9.1	

	8		9		1.4		3.1		2.9		3.3		4.2	


Transpose A = 


	1.1		0.0		-3.2		1.0		5.0		6.7		8.0	

	4.3		1.9		3.1		4.0		7.0		8.2		9.0	

	2.4		3.3		6.2		2.2		6.0		3.3		1.4	

	4.2		1.1		4.3		3.3		8.9		5.3		3.1	

	3.1		4.4		9.1		1.3		8.1		2.2		2.9	

	5.6		5.1		3.4		6.7		3.5		1.9		3.3	

	7.9		9.1		5.2		2.9		2.0		9.1		4.2	

__________________________________________
A = 

	5.7		-17.53		13.16		-5.57		0.98		-1.62		-24.2		-14.82		0.29		11.59		2.79	

	-9.67		11.19		-6.74		3.49		6.3		1.14		11.85		14.5		0.82		-1.38		2.59	

	-7.09		1.28		-0.35		-10.89		-3.21		-4.19		0.45		12.78		-10.83		10.27		-10.16	

	-0.87		15.97		-12.34		6.01		6.28		-3.6		-14.42		-8.62		-12.78		-2.2		1.53	

	-1.72		10.07		3.2		4.13		-2.12		4.54		6.9		-10.57		-7.34		-4.76		26.41	

	8.35		8.48		5.15		-15.24		-2.88		-4.78		7.32		9.67		-3.69		-8.5		4.96	

	-2.95		-3.45		5.69		-3.11		3.42		1.19		18.92		10.65		-0.23		13.37		14.67	

	10.61		8.79		-0.04		16.37		9.8		-4.19		-2.17		9.13		-13		15.45		2.89	

	3.45		-3.94		6.12		-20.03		-3.43		-4.85		-2.09		0.27		-7.07		10.73		-3.85	

	2.61		2.71		-4.9		-6.56		16.47		17.52		-11.39		3.12		-4.75		-1.38		-2.07	

	24.87		-0.64		-17.27		-15.72		-12.44		18.81		-25.85		4.68		-10.67		13.49		-14.22	

	13.92		3.25		-5.57		-10.51		-21.25		1.8		-7.1		-4.3		9.95		-1.05		-7.77	

	5.89		23.45		8.02		-16.54		2.26		7.96		11.38		19.55		5.15		2.11		8.35	

	10.72		-1.44		15.04		3.69		-23.21		12.54		-10.81		-9.34		-3.5		-0.33		5.71	

	-2.47		-4.01		9.2		-9.36		-28.98		-15.85		2.32		-7.38		15.86		-4.37		-1.76	

B = 

	5.6972		-17.528		13.1551		-5.5725		0.9828		-1.6214		-24.2027		-14.8229		0.2937		11.5921		2.7879	

	-9.6691		11.1875		-6.735		3.4865		6.3028		1.1427		11.8546		14.4953		0.8152		-1.383		2.5916	

	-7.0852		1.2815		-0.3515		-10.8851		-3.2148		-4.1901		0.4488		12.7826		-10.8331		10.2689		-10.162	

	-0.8745		15.9696		-12.3395		6.0064		6.2767		-3.6043		-14.4193		-8.6192		-12.7801		-2.1958		1.5269	

	-1.7193		10.0679		3.2034		4.1302		-2.1163		4.5446		6.9047		-10.5656		-7.3398		-4.7646		26.4121	

	8.3479		8.4772		5.1493		-15.2429		-2.8802		-4.7751		7.3163		9.6673		-3.6881		-8.4976		4.9634	

	-2.9472		-3.4525		5.6938		-3.1112		3.421		1.1854		18.9163		10.6458		-0.2328		13.3662		14.6653	

	10.606		8.794		-0.0402		16.3679		9.7972		-4.1919		-2.1713		9.1301		-13.0007		15.4546		2.8895	

	3.4486		-3.9432		6.1175		-20.0254		-3.4268		-4.8455		-2.0895		0.2666		-7.0681		10.7287		-3.8472	

	2.6097		2.7084		-4.9017		-6.5613		16.4725		17.5187		-11.3878		3.1238		-4.7487		-1.3759		-2.0661	

	24.8653		-0.6445		-17.2718		-15.72		-12.4425		18.812		-25.8543		4.6792		-10.6661		13.495		-14.2159	

	13.9208		3.2481		-5.5729		-10.5108		-21.2468		1.8039		-7.0974		-4.3009		9.9455		-1.0518		-7.7694	

	5.8858		23.4495		8.0213		-16.538		2.2555		7.9631		11.3787		19.548		5.1505		2.1118		8.3501	

	10.7162		-1.4404		15.0391		3.6942		-23.2107		12.5432		-10.8083		-9.3377		-3.4951		-0.3277		5.7092	

	-2.4709		-4.0089		9.1966		-9.3618		-28.975		-15.8532		2.3222		-7.3837		15.8556		-4.3652		-1.7625	


A + B = 

	11.3944		-35.056		26.3102		-11.145		1.9656		-3.2428		-48.4054		-29.6458		0.5874		23.1842		5.5758	

	-19.3382		22.375		-13.47		6.973		12.6056		2.2854		23.7092		28.9906		1.6304		-2.766		5.1832	

	-14.1704		2.563		-0.703		-21.7702		-6.4296		-8.3802		0.8976		25.5652		-21.6662		20.5378		-20.324	

	-1.749		31.9392		-24.679		12.0128		12.5534		-7.2086		-28.8386		-17.2384		-25.5602		-4.3916		3.0538	

	-3.4386		20.1358		6.4068		8.2604		-4.2326		9.0892		13.8094		-21.1312		-14.6796		-9.5292		52.8242	

	16.6958		16.9544		10.2986		-30.4858		-5.7604		-9.5502		14.6326		19.3346		-7.3762		-16.9952		9.9268	

	-5.8944		-6.905		11.3876		-6.2224		6.842		2.3708		37.8326		21.2916		-0.4656		26.7324		29.3306	

	21.212		17.588		-0.0804		32.7358		19.5944		-8.3838		-4.3426		18.2602		-26.0014		30.9092		5.779	

	6.8972		-7.8864		12.235		-40.0508		-6.8536		-9.691		-4.179		0.5332		-14.1362		21.4574		-7.6944	

	5.2194		5.4168		-9.8034		-13.1226		32.945		35.0374		-22.7756		6.2476		-9.4974		-2.7518		-4.1322	

	49.7306		-1.289		-34.5436		-31.44		-24.885		37.624		-51.7086		9.3584		-21.3322		26.99		-28.4318	

	27.8416		6.4962		-11.1458		-21.0216		-42.4936		3.6078		-14.1948		-8.6018		19.891		-2.1036		-15.5388	

	11.7716		46.899		16.0426		-33.076		4.511		15.9262		22.7574		39.096		10.301		4.2236		16.7002	

	21.4324		-2.8808		30.0782		7.3884		-46.4214		25.0864		-21.6166		-18.6754		-6.9902		-0.6554		11.4184	

	-4.9418		-8.0178		18.3932		-18.7236		-57.95		-31.7064		4.6444		-14.7674		31.7112		-8.7304		-3.525	

