__________________________________________
A = 

	1		4		2	

	0		1		3	

	-3		3		6	

B = 

	1		-1		3	

	4		3		2	

	4		4		1	


A + B = 

	2		3		5	

	4		4		5	

	1		7		7	

__________________________________________
A = 

	1		4		2	

	0		1		3	

	-3		3		6	

B = 

	1		-1		3	

	4		3		2	

	4		4		1	


A - B = 

	0		5		-1	

	-4		-2		1	

	-7		-1		5	

__________________________________________
A = 

	1		4		2	

	0		1		3	

	-3		3		6	

B = 

	1		-1		3	

	4		3		2	

	4		4		1	

A * B = 

	25		19		13	

	16		15		5	

	33		36		3	

__________________________________________
A = 

	1		4		2	

	0		1		3	

	-3		3		6	


B = 

	1		-1		3	

	4		3		2	

	4		4		1	


A * B = 

	1		-4		6	

	0		3		6	

	-12		12		6	

__________________________________________

A = 

	1		4		2	

	0		1		3	

	-3		3		6	


Transpose A = 


	1		0		-3	

	4		1		3	

	2		3		6	

__________________________________________

B = 

	1		4		2	

	0		1		3	

	-3		3		6	


Transpose B = 


	1		4		4	

	-1		3		4	

	3		2		1	

__________________________________________
A = 

	1		4		2	

	0		1		3	

	-3		3		6	

B = 

	1		-1		3	

	4		3		2	

	4		4		1	


A + B = 

	2		3		5	

	4		4		5	

	1		7		7	

__________________________________________
A = 

	1		4		2	

	0		1		3	

	-3		3		6	

B = 

	1		4		2	

	0		1		3	

	-3		3		6	


A + B = 

	2		8		4	

	0		2		6	

	-6		6		12	

__________________________________________
A = 

	1		4		2	

	0		1		3	

	-3		3		6	

B = 

	1		4		2	

	0		1		3	

	-3		3		6	


A + B = 

	2		8		4	

	0		2		6	

	-6		6		12	

__________________________________________
A = 

	1		4		2	

	0		1		3	

	-3		3		6	

B = 

	1		4		2	

	0		1		3	

	-3		3		6	


A + B = 

	2		8		4	

	0		2		6	

	-6		6		12	

__________________________________________
A = 

	1		4		2	

	0		1		3	

	-3		3		6	

B = 

	1		4		2	

	0		1		3	

	-3		3		6	


A - B = 

	0		0		0	

	0		0		0	

	0		0		0	

__________________________________________
A = 

	1		4		2	

	0		1		3	

	-3		3		6	

B = 

	1		4		2	

	0		1		3	

	-3		3		6	

A * B = 

	-5		14		26	

	-9		10		21	

	-21		9		39	

__________________________________________
A = 

	1		4		2	

	0		1		3	

	-3		3		6	

B = 

	1		4		2	

	0		1		3	

	-3		3		6	


A + B = 

	2		8		4	

	0		2		6	

	-6		6		12	

__________________________________________
A = 

	1		4		2	

	0		1		3	

	-3		3		6	

B = 

	1		-1		3	

	4		3		2	

	4		4		1	


A - B = 

	0		5		-1	

	-4		-2		1	

	-7		-1		5	

__________________________________________

A = 

	1		4		2	

	0		1		3	

	-3		3		6	


Transpose A = 


	1		0		-3	

	4		1		3	

	2		3		6	

__________________________________________
A = 

	1.0		4.0		2.0	

	0.0		1.0		3.0	

	-3.0		3.0		6.0	

B = 

	1.0		-1.0		3.0	

	4.0		3.0		2.0	

	4.0		4.0		1.0	

A * B = 

	25.0		19.0		13.0	

	16.0		15.0		5.0	

	33.0		36.0		3.0	


__________________________________________
A = 

	1.1		4.3		2.4	

	0		1.9		3.3	

	-3.2		3.1		6.2	

B = 

	1.1		4.3		2.4	

	0		1.9		3.3	

	-3.2		3.1		6.2	

A * B = 

	-6.47		20.34		31.71	

	-10.56		13.84		26.73	

	-23.36		11.35		40.99	

__________________________________________
A = 

	1.1		4.3		2.4		4.2		3.1		5.6		7.9	

	0		1.9		3.3		1.1		4.4		5.1		9.1	

	-3.2		3.1		6.2		4.3		9.1		3.4		5.2	

	1		4		2.2		3.3		1.3		6.7		2.9	

	5		7		6		8.9		8.1		3.5		2	

	6.7		8.2		3.3		5.3		2.2		1.9		9.1	

	8		9		1.4		3.1		2.9		3.3		4.2	

B = 

	1.1		4.3		2.4		4.2		3.1		5.6		7.9	

	0		1.9		3.3		1.1		4.4		5.1		9.1	

	-3.2		3.1		6.2		4.3		9.1		3.4		5.2	

	1		4		2.2		3.3		1.3		6.7		2.9	

	5		7		6		8.9		8.1		3.5		2	

	6.7		8.2		3.3		5.3		2.2		1.9		9.1	

	8		9		1.4		3.1		2.9		3.3		4.2	

A * B = 

	113.95		175.86		89.09		115.29		109.97		111.95		162.82	

	119.51		172.76		85.12		114.31		113.07		83.4		131.07	

	90.82		166.93		123.55		145.95		162		103.25		118.62	

	71.95		122.06		70.47		85.02		78.69		82.44		141.06	

	75.15		192.4		154.83		180.71		191.58		185.33		216.66	

	98.64		188.7		107.47		126.7		142.16		167.41		219.99	

	77.63		153.4		98.57		116.07		124.1		146.51		214.84	

__________________________________________
A = 

	1.1		4.3		2.4		4.2		3.1		5.6		7.9	

	0		1.9		3.3		1.1		4.4		5.1		9.1	

	-3.2		3.1		6.2		4.3		9.1		3.4		5.2	

	1		4		2.2		3.3		1.3		6.7		2.9	

	5		7		6		8.9		8.1		3.5		2	

	6.7		8.2		3.3		5.3		2.2		1.9		9.1	

	8		9		1.4		3.1		2.9		3.3		4.2	

B = 

	1.1		4.3		2.4		4.2		3.1		5.6		7.9	

	0.0		1.9		3.3		1.1		4.4		5.1		9.1	

	-3.2		3.1		6.2		4.3		9.1		3.4		5.2	

	1.0		4.0		2.2		3.3		1.3		6.7		2.9	

	5.0		7.0		6.0		8.9		8.1		3.5		2.0	

	6.7		8.2		3.3		5.3		2.2		1.9		9.1	

	8.0		9.0		1.4		3.1		2.9		3.3		4.2	


A + B = 

	2.2		8.6		4.8		8.4		6.2		11.2		15.8	

	0.0		3.8		6.6		2.2		8.8		10.2		18.2	

	-6.4		6.2		12.4		8.6		18.2		6.8		10.4	

	2.0		8.0		4.4		6.6		2.6		13.4		5.8	

	10.0		14.0		12.0		17.8		16.2		7.0		4.0	

	13.4		16.4		6.6		10.6		4.4		3.8		18.2	

	16.0		18.0		2.8		6.2		5.8		6.6		8.4	

__________________________________________

A = 

	1.1		4.3		2.4		4.2		3.1		5.6		7.9	

	0		1.9		3.3		1.1		4.4		5.1		9.1	

	-3.2		3.1		6.2		4.3		9.1		3.4		5.2	

	1		4		2.2		3.3		1.3		6.7		2.9	

	5		7		6		8.9		8.1		3.5		2	

	6.7		8.2		3.3		5.3		2.2		1.9		9.1	

	8		9		1.4		3.1		2.9		3.3		4.2	


Transpose A = 


	1.1		0.0		-3.2		1.0		5.0		6.7		8.0	

	4.3		1.9		3.1		4.0		7.0		8.2		9.0	

	2.4		3.3		6.2		2.2		6.0		3.3		1.4	

	4.2		1.1		4.3		3.3		8.9		5.3		3.1	

	3.1		4.4		9.1		1.3		8.1		2.2		2.9	

	5.6		5.1		3.4		6.7		3.5		1.9		3.3	

	7.9		9.1		5.2		2.9		2.0		9.1		4.2	

__________________________________________

A = 

	1.1		4.3		2.4		4.2		3.1		5.6		7.9	

	0		1.9		3.3		1.1		4.4		5.1		9.1	

	-3.2		3.1		6.2		4.3		9.1		3.4		5.2	

	1		4		2.2		3.3		1.3		6.7		2.9	

	5		7		6		8.9		8.1		3.5		2	

	6.7		8.2		3.3		5.3		2.2		1.9		9.1	

	8		9		1.4		3.1		2.9		3.3		4.2	


Transpose A = 


	1.1		0.0		-3.2		1.0		5.0		6.7		8.0	

	4.3		1.9		3.1		4.0		7.0		8.2		9.0	

	2.4		3.3		6.2		2.2		6.0		3.3		1.4	

	4.2		1.1		4.3		3.3		8.9		5.3		3.1	

	3.1		4.4		9.1		1.3		8.1		2.2		2.9	

	5.6		5.1		3.4		6.7		3.5		1.9		3.3	

	7.9		9.1		5.2		2.9		2.0		9.1		4.2	

__________________________________________

A = 

	1.1		4.3		2.4		4.2		3.1		5.6		7.9	

	0		1.9		3.3		1.1		4.4		5.1		9.1	

	-3.2		3.1		6.2		4.3		9.1		3.4		5.2	

	1		4		2.2		3.3		1.3		6.7		2.9	

	5		7		6		8.9		8.1		3.5		2	

	6.7		8.2		3.3		5.3		2.2		1.9		9.1	

	8		9		1.4		3.1		2.9		3.3		4.2	


Transpose A = 


	1.1		0.0		-3.2		1.0		5.0		6.7		8.0	

	4.3		1.9		3.1		4.0		7.0		8.2		9.0	

	2.4		3.3		6.2		2.2		6.0		3.3		1.4	

	4.2		1.1		4.3		3.3		8.9		5.3		3.1	

	3.1		4.4		9.1		1.3		8.1		2.2		2.9	

	5.6		5.1		3.4		6.7		3.5		1.9		3.3	

	7.9		9.1		5.2		2.9		2.0		9.1		4.2	

__________________________________________

B = 

	1.1		4.3		2.4		4.2		3.1		5.6		7.9	

	0.0		1.9		3.3		1.1		4.4		5.1		9.1	

	-3.2		3.1		6.2		4.3		9.1		3.4		5.2	

	1.0		4.0		2.2		3.3		1.3		6.7		2.9	

	5.0		7.0		6.0		8.9		8.1		3.5		2.0	

	6.7		8.2		3.3		5.3		2.2		1.9		9.1	

	8.0		9.0		1.4		3.1		2.9		3.3		4.2	


Transpose B = 


	1.0		4.0		4.0		0.0		0.0		0.0		0.0	

	-1.0		3.0		4.0		0.0		0.0		0.0		0.0	

	3.0		2.0		1.0		0.0		0.0		0.0		0.0	

	0.0		0.0		0.0		0.0		0.0		0.0		0.0	

	0.0		0.0		0.0		0.0		0.0		0.0		0.0	

	0.0		0.0		0.0		0.0		0.0		0.0		0.0	

	0.0		0.0		0.0		0.0		0.0		0.0		0.0	

__________________________________________
A = 

	1.1		4.3		2.4		4.2		3.1		5.6		7.9	

	0		1.9		3.3		1.1		4.4		5.1		9.1	

	-3.2		3.1		6.2		4.3		9.1		3.4		5.2	

	1		4		2.2		3.3		1.3		6.7		2.9	

	5		7		6		8.9		8.1		3.5		2	

	6.7		8.2		3.3		5.3		2.2		1.9		9.1	

	8		9		1.4		3.1		2.9		3.3		4.2	

B = 

	1.1		4.3		2.4		4.2		3.1		5.6		7.9	

	0.0		1.9		3.3		1.1		4.4		5.1		9.1	

	-3.2		3.1		6.2		4.3		9.1		3.4		5.2	

	1.0		4.0		2.2		3.3		1.3		6.7		2.9	

	5.0		7.0		6.0		8.9		8.1		3.5		2.0	

	6.7		8.2		3.3		5.3		2.2		1.9		9.1	

	8.0		9.0		1.4		3.1		2.9		3.3		4.2	


